0.2777777778
0.094488189
0.062992126
0.0157480315
0.0236220472
0.0
0.0078740157
0.4881889764
0.188976378
0.77165354331
0.80314960631
1.28346456691
0.83333333331
0.73809523811
1.09523809521
0.92857142861
1.44444444441
0.96062992131
0.55905511811
0.44094488192
0.29921259842
0.10236220472
0.11023622052
0.082
0.07936507942
0.00787401572
0.01574803152
0.02
0.02
0.03
0.00787401573
0.05511811023
0.02362204723
0.01574803153
0.14173228353
0.28346456693
0.05555555563
0.2460317463
0.19047619053
0.26984126984
0.30158730164
0.24409448824
0.07874015754
0.0629921264
0.0314960634
0.01574803154
0.00787401574
0.0084
0.05555555564
0.00787401575
0.01574803155
0.01574803155
0.02362204725
0.01574803155
0.01574803155
0.00787401575
0.10236220475
0.10236220475
0.25984251975
0.45669291346
0.43650793656
0.30952380956
0.17460317466
0.23809523816
0.43650793656
0.53543307096
0.44094488196
0.1259842526
0.0314960636
0.00787401577
0.00787401577
0.07
0.06349206357
0.07
0.01574803157
0.02362204727
0.07
0.07
0.21259842527
0.69291338588
0.10236220478
0.21259842528
0.47244094498
0.37795275598
0.44444444448
0.31746031758
0.96031746038
0.6190476198
0.89682539688
0.60629921269
0.24409448829
0.48031496069
0.22047244099
0.03937007879
0.0314960639
0.0089
0.1190476199
0.00787401579
0.04724409459
0.007874015710
0.007874015710
0.007874015710
0.007874015710
0.102362204710
0.141732283510
0.440944881910
0.314960629910
0.377952755910
0.484126984110
0.230158730211
0.277777777811
0.166666666711
0.507936507911
0.417322834611
0.181102362211
0.149606299211
0.173228346511
0.039370078711
0.110236220511
0.02412
0.103174603212
0.012
0.007874015712
0.012
0.012
0.012
0.012
0.012
0.03149606312
0.196850393713
0.362204724413
0.291338582713
0.333333333313
0.555555555613
0.428571428613
0.428571428613
0.444444444413
0.330708661413
0.133858267713
0.18897637814
0.110236220514
0.03149606314
0.014
0.014
0.103174603214
0.007874015714
0.007874015714
0.015748031514
0.007874015714
0.015
0.015748031515
0.047244094515
0.314960629915
0.133858267715
0.314960629915
0.291338582715
0.301587301615
0.166666666715
0.317460317515
0.277777777816
0.507936507916
0.12598425216
0.078740157516
0.070866141716
0.055118110216
0.015748031516
0.023622047216
0.03216
0.087301587316
0.017
0.007874015717
0.017
0.017
0.017
0.017
0.017
0.047244094517
0.078740157517
0.283464566917
0.330708661418
0.341269841318
0.349206349218
0.222222222218
0.515873015918
0.571428571418
0.582677165418
0.377952755918
0.149606299218
0.070866141718
0.047244094519
0.078740157519
0.0419
0.055555555619
0.03149606319
0.070866141719
0.007874015719
0.015748031519
0.007874015719
0.019
0.015748031520
0.212598425220
0.141732283520
0.236220472420
0.362204724420
0.38095238120
0.285714285720
0.301587301620
0.293650793720
0.349206349220
0.259842519721
0.220472440921
0.18897637821
0.070866141721
0.118110236221
0.023622047221
0.01621
0.11904761921
0.021
0.023622047221
0.022
0.022
0.022
0.022
0.251968503922
0.283464566922
0.456692913422
0.330708661422
0.503937007922
0.476190476222
0.37301587323
0.309523809523
0.555555555623
0.563492063523
0.480314960623
0.173228346523
0.110236220523
0.078740157523
0.03149606323
0.023622047223
0.00824
0.095238095224
0.007874015724
0.039370078724
0.024
0.024
0.007874015724
0.015748031524
0.086614173224
0.133858267724
0.149606299225
0.543307086625
0.543307086625
0.525
0.563492063525
0.634920634925
0.634920634925
0.801587301625
0.700787401625
0.385826771725
0.385826771726
0.307086614226
0.165354330726
0.070866141726
0.10426
0.087301587326
0.026
0.007874015726
0.026
0.026
0.027
0.027
0.015748031527
0.212598425227
0.078740157527
0.141732283527
0.118110236227
0.174603174627
0.095238095227
0.166666666727
0.325396825428
0.293650793728
0.18897637828
0.173228346528
0.086614173228
0.039370078728
0.028
0.007874015728
0.02428
0.047619047628
0.029
0.007874015729
0.029
0.029
0.029
0.029
0.448818897629
0.12598425229
0.133858267729
0.291338582729
0.09448818930
0.11904761930
0.301587301630
0.452380952430
0.341269841330
0.317460317530
0.228346456730
0.212598425230
0.102362204730
0.070866141730
0.007874015731
0.023622047231
0.01631
0.079365079431
0.007874015731
0.031
0.007874015731
0.031
0.007874015731
0.06299212631
0.275590551232
0.06299212632
0.401574803132
0.440944881932
0.291338582732
0.555555555632
0.38095238132
0.642857142932
0.412698412732
0.444444444432
0.440944881933
0.275590551233
0.425196850433
0.259842519733
0.070866141733
0.023622047233
0.03233
0.079365079433
0.033
0.03149606333
0.007874015734
0.034
0.034
0.034
0.034
0.007874015734
0.078740157534
0.06299212634
0.228346456734
0.24603174634
0.142857142935
0.079365079435
0.103174603235
0.087301587335
0.070866141735
0.039370078735
0.007874015735
0.015748031535
0.023622047235
0.015748031535
0.036
0.007936507936
0.036
0.036
0.036
0.036
0.036
0.036
0.036
0.055118110236
0.055118110237
0.070866141737
0.039370078737
0.095238095237
0.031746031737
0.047619047637
0.063492063537
0.11904761937
0.18897637837
0.039370078737
0.023622047238
0.038
0.038
0.038
0.038
0.038
0.038
0.038
0.038
0.038
0.039
0.039
0.039
0.039
0.007874015739
0.007874015739
0.086614173239
0.166666666739
0.039682539739
0.015873015939
0.023809523840
0.047619047640
0.023622047240
0.047244094540
0.040
0.040
0.040
0.040
0.0